-0,2813675580126699 -0,45065400045426846 0,42528421335168376 0,30789288145760185 -0,4450171389360992 -0,397648273453884 -0,15064416508686457 -0,47551016368694143 0,2905415343995104 0,24024961643863918 
0,1348811177733419 0,13486504872044494 -0,11300056968489686 -0,04911056946493117 -0,3966563324894087 0,3977990140662524 0,13130081718643463 0,3079619545460498 -0,17808810074595458 -0,285772011049917 
-0,1587717550149056 0,10333065949535492 0,42889732398507063 0,2950054606399525 0,45766981409754126 0,03739385331859524 -0,28161288089194003 -0,24844666744975685 0,10470231604050018 -0,03734849045860977 
0,1701081910497081 0,1324004375526684 -0,4977374970902398 0,46763468439114964 -0,2778139201820893 -0,23967853269524803 0,04958872010446558 0,21652769656690196 -0,3724365252407438 0,10767820086687718 
-0,44929942459977645 0,0937151968472848 0,08445527711159329 -0,4178414800111295 0,4288698872220097 -0,23498859151033152 -0,4168287367378574 -0,3497476360220377 0,4037326029941379 -0,11068363143628634 
0,03369419441264787 -0,4289902876731894 -0,08689086259663609 -0,04179595948280579 -0,3482825019621675 0,11566151660665014 -0,37754008820165885 -0,3697212472882686 0,35111056866641643 0,017589007745305585 
0,38396460743805605 -0,3988405367819781 -0,08021247972744167 -0,16787014327378486 -0,42985857461106897 -0,4561375435237482 0,22973975386924095 -0,08063525407604655 -0,242442345126738 0,3430222002058393 
-0,15178970603821318 -0,4648614730522323 0,1839006844367369 0,3809045799453299 -0,3402469194681602 0,23723385051695345 -0,48112461761623837 0,3434511417725361 0,3661355734179428 0,19265840560787284 
-0,05961197966691667 -0,43201746509038724 -0,17107325870128037 -0,2846140525232135 0,42895731512874236 0,09909847872289756 -0,2807086998506955 0,044058462392566056 0,3159171863533171 0,10652456321126058 
-0,36213844449358923 -0,08069003260726576 0,3654171279004855 0,10997446701395064 0,22371359342882113 0,4533154452002214 -0,3157931258044173 -0,24767457961462186 -0,48469524317639656 0,38500743074575783 
