0,024064886162087684 0,02139874222154712 -0,4825134763883126 0,39187000547157136 -0,43093295112761343 0,4565025102144584 0,44598992543531174 0,30230107009518015 -0,46487516296020204 -0,05112902519811363 
0,13876037608774394 0,21069009249619472 -0,42037172107970816 -0,20642336025201874 0,2456283395856751 -0,48206449392347805 0,3352877073098623 -0,2811666460620084 -0,007038020813982227 0,24508135427957467 
-0,24544142687015302 -0,24641301284842798 -0,2014975220437616 0,14821481548632254 0,3632522299248968 -0,2875472660118469 -0,4069786113253695 -0,45769830744606366 -0,2326939742698772 -0,4380362680824642 
0,13513564906787856 0,16373427399563756 -0,2447626689817228 0,16378668307503064 -0,20209325091079494 0,4155293749252006 -0,08547731361057895 -0,11691239318666624 0,06407841205386809 -0,29677259819431817 
0,11804388585409331 -0,49702419293905803 0,16077085335774854 -0,04287779635883765 0,33773752806602864 0,4883383326178129 0,0002782873344971959 -0,31142189205224713 0,3018152582467605 0,23652032610798268 
-0,2905102655247367 -0,11861537192883687 0,19424738627590588 -0,4525533257762684 0,45549487646459363 -0,22952210098948428 -0,2517338878250373 -0,12980564480172735 -0,4713822244533255 0,35661431488423345 
0,3634811215398279 0,37613038634804513 0,033268409414857286 0,4751020818832806 0,31373532573400775 0,49574448587174735 -0,010278330974830586 -0,0812285684893041 0,49267946414101355 0,3300989646604745 
0,11174768796737666 -0,07004924211290581 0,15415793085600482 -0,20645178561399308 -0,37296253157451864 -0,248417233931095 0,07206916553803315 0,3413802743150761 0,3069656262120977 0,3749138973070839 
0,21217444665365592 0,41602806865595204 -0,2589181032454913 0,030785699622140172 0,3524739974422725 -0,24624897900328457 0,45300839464493586 -0,29397477619069384 0,20913814911301856 -0,47257114992131066 
0,16726326275023784 -0,46400653708912737 -0,1455301687333408 0,20589307216270503 -0,16025371973414615 0,20300050159124683 -0,03201923730411532 0,18566877147446792 0,14338687790715454 0,3419930421942813 
