5066 1835 1740 3170 230,16 2550,62 185 10,85 Pickup
5032 1900 1761 3097 218,85 2089,74 150 12,35 Pickup
5189 1813 1740 3006 230,49 2396,58 154 13,38 Pickup
5396 1844 1716 3067 208,52 2856,12 151 13,00 Pickup
5202 1782 1750 3005 210,85 1952,59 163 10,84 Pickup
5053 1839 1799 3035 209,55 2694,17 149 11,40 Pickup
5108 1802 1797 3130 229,35 2252,71 174 12,54 Pickup
5127 1811 1786 3055 218,60 2489,34 141 11,18 Pickup
5308 1865 1798 3042 225,45 2001,75 162 11,60 Pickup
5397 1790 1790 3064 219,61 1923,18 183 11,31 Pickup
5185 1882 1706 3134 229,82 2491,77 187 10,97 Pickup
5232 1874 1771 3142 213,63 2024,00 171 12,22 Pickup
5239 1867 1741 3064 226,11 2969,43 167 10,90 Pickup
5377 1839 1766 3116 218,98 2237,65 148 11,22 Pickup
5235 1839 1781 3116 219,79 2224,10 154 11,16 Pickup
5339 1876 1763 3181 218,56 2687,49 144 12,94 Pickup
5279 1794 1772 3142 224,42 2446,01 164 12,02 Pickup
5138 1894 1773 3058 229,99 2227,60 172 11,22 Pickup
5268 1819 1712 3129 216,34 1844,92 142 11,31 Pickup
5203 1774 1747 3182 215,58 2563,18 172 11,19 Pickup
4225 1735 1494 2514 126,44 1226,60 206 7,75 Sedan
3983 1682 1462 2555 126,25 1498,03 189 9,08 Sedan
4023 1692 1462 2597 126,20 1216,56 200 9,58 Sedan
4076 1698 1460 2549 120,68 1283,89 180 9,73 Sedan
4093 1702 1487 2507 124,76 1254,69 210 8,25 Sedan
4484 1657 1475 2505 128,03 1247,84 213 9,13 Sedan
4463 1748 1485 2593 124,04 1333,90 211 7,93 Sedan
4150 1672 1492 2517 122,49 1016,46 239 9,31 Sedan
4007 1702 1461 2510 122,47 1102,32 171 9,69 Sedan
4407 1651 1500 2555 129,25 1191,94 230 10,00 Sedan
4415 1719 1477 2509 128,61 1109,36 191 9,56 Sedan
4465 1714 1483 2526 126,64 1202,32 238 10,42 Sedan
3952 1744 1494 2528 122,67 1258,96 188 9,80 Sedan
4477 1651 1454 2539 126,69 1016,29 183 7,70 Sedan
4117 1655 1465 2556 124,86 1445,74 220 10,48 Sedan
4032 1707 1458 2561 125,52 1379,14 172 8,92 Sedan
3927 1656 1473 2599 125,13 1289,61 207 8,62 Sedan
4158 1731 1456 2585 121,36 1457,72 239 10,33 Sedan
4174 1712 1495 2562 120,96 1206,81 202 8,19 Sedan
4036 1741 1453 2569 123,59 1328,88 183 8,21 Sedan
4797 1899 1374 2846 133,54 2313,31 282 7,25 Cabriolet
4737 1918 1359 2850 136,44 2426,33 312 4,96 Cabriolet
4747 1875 1360 2870 137,93 2350,20 264 6,53 Cabriolet
4749 1876 1403 2845 132,80 2422,67 328 7,21 Cabriolet
4752 1915 1411 2837 133,56 2343,66 264 4,75 Cabriolet
4683 1867 1357 2810 129,33 2413,08 273 5,26 Cabriolet
4682 1905 1357 2808 132,64 2322,44 264 6,23 Cabriolet
4709 1903 1350 2823 131,53 2436,35 256 6,74 Cabriolet
4798 1881 1353 2863 139,88 2336,04 303 4,53 Cabriolet
4788 1913 1408 2856 129,65 2316,50 264 7,44 Cabriolet
4778 1884 1386 2857 136,05 2428,14 256 5,34 Cabriolet
4746 1878 1364 2864 130,53 2286,42 313 4,36 Cabriolet
4781 1886 1360 2870 136,16 2381,14 267 7,14 Cabriolet
4673 1913 1364 2847 131,27 2381,03 256 3,90 Cabriolet
4718 1871 1383 2803 131,12 2364,58 324 4,05 Cabriolet
4682 1899 1368 2852 127,03 2428,88 315 7,68 Cabriolet
4678 1899 1413 2866 126,08 2349,34 238 4,65 Cabriolet
4673 1905 1402 2864 135,06 2389,06 327 8,25 Cabriolet
4676 1867 1384 2814 133,55 2413,46 307 5,20 Cabriolet
4733 1862 1409 2807 130,10 2396,07 292 4,20 Cabriolet
