5151 1860 1748 3086 220,36 2459,61 143 11,81 Pickup
5058 1884 1750 3187 224,61 2966,94 184 13,08 Pickup
5031 1806 1733 3113 224,73 2092,07 163 13,15 Pickup
5301 1811 1743 3025 210,46 2241,18 161 12,43 Pickup
5335 1845 1733 3193 227,18 2062,90 142 12,49 Pickup
5242 1892 1734 3001 212,54 2710,53 182 11,52 Pickup
5257 1818 1728 3012 224,09 2014,59 173 10,99 Pickup
5113 1836 1768 3018 209,91 2921,20 154 12,85 Pickup
5193 1879 1710 3010 223,10 2906,16 142 13,09 Pickup
5149 1849 1796 3152 229,70 2354,81 173 13,48 Pickup
5241 1758 1748 3130 209,31 2227,86 187 12,51 Pickup
5399 1771 1768 3042 220,55 2940,04 167 12,55 Pickup
5267 1829 1752 3071 223,59 2750,53 174 12,69 Pickup
5175 1807 1769 3001 212,49 2873,87 151 12,98 Pickup
5376 1849 1749 3000 218,37 2552,25 174 10,96 Pickup
5369 1810 1705 3090 212,95 2807,96 156 11,83 Pickup
5058 1786 1709 3070 230,53 2166,85 157 12,95 Pickup
5176 1861 1722 3135 223,69 2930,71 162 10,89 Pickup
5388 1878 1727 3172 218,56 2440,83 151 10,72 Pickup
5350 1803 1743 3045 225,43 2071,94 164 12,33 Pickup
5040 1782 1786 3186 227,02 2850,74 184 12,44 Pickup
5141 1848 1756 3139 217,29 1809,64 163 13,44 Pickup
5399 1893 1748 3075 221,24 2349,53 188 12,37 Pickup
5028 1748 1748 3109 228,90 1923,46 144 11,22 Pickup
5110 1839 1758 3080 209,06 2408,49 155 10,88 Pickup
5393 1842 1751 3157 231,30 2425,23 171 13,11 Pickup
5375 1812 1723 3157 225,73 1928,99 141 12,46 Pickup
5122 1780 1786 3150 217,00 2201,80 178 11,32 Pickup
5242 1796 1742 3159 217,77 1867,24 185 12,02 Pickup
5261 1801 1739 3186 230,80 2011,53 172 12,19 Pickup
5169 1838 1761 3085 228,81 2146,54 163 11,09 Pickup
5237 1890 1710 3166 223,12 2463,48 175 12,48 Pickup
5352 1781 1718 3125 209,51 2804,54 162 13,16 Pickup
5220 1858 1713 3073 224,85 1914,00 174 10,97 Pickup
5245 1790 1732 3158 225,18 2196,85 159 11,52 Pickup
5354 1780 1720 3099 230,97 1879,58 182 10,89 Pickup
5275 1859 1705 3139 231,92 1817,71 162 12,30 Pickup
5070 1856 1788 3026 210,95 1917,19 163 12,04 Pickup
5099 1895 1722 3066 212,71 2885,13 186 12,19 Pickup
5351 1878 1774 3169 222,90 2928,49 186 12,00 Pickup
5358 1745 1768 3194 208,06 2992,61 147 12,33 Pickup
5346 1858 1762 3000 218,37 2094,54 148 12,88 Pickup
5320 1853 1725 3198 228,16 2415,49 184 12,87 Pickup
5330 1821 1782 3027 213,91 2521,70 188 11,28 Pickup
5321 1803 1724 3025 217,47 2382,65 163 11,33 Pickup
5335 1840 1747 3098 214,20 2903,43 145 12,44 Pickup
5282 1892 1705 3186 224,31 2920,17 172 11,71 Pickup
5064 1883 1714 3108 211,42 2996,50 156 11,36 Pickup
5315 1801 1720 3013 207,23 1837,76 158 11,51 Pickup
5100 1899 1715 3045 208,13 2257,82 165 13,23 Pickup
4145 1668 1472 2533 125,53 1009,34 208 10,21 Sedan
4352 1735 1498 2552 123,43 1457,52 175 10,12 Sedan
4081 1671 1485 2591 127,22 1015,59 214 9,62 Sedan
4250 1723 1484 2570 127,82 1206,80 194 9,93 Sedan
4140 1674 1456 2599 125,67 1497,91 220 9,91 Sedan
4404 1683 1465 2516 120,64 1422,28 238 8,61 Sedan
4452 1681 1496 2584 126,80 1294,74 183 8,73 Sedan
4236 1726 1487 2582 123,38 1422,48 176 8,62 Sedan
4210 1669 1456 2511 127,85 1041,16 189 8,52 Sedan
4197 1743 1453 2539 127,22 1234,51 213 9,82 Sedan
4359 1685 1489 2547 124,90 1248,88 177 10,03 Sedan
3932 1725 1472 2581 122,54 1445,74 200 10,59 Sedan
4044 1747 1482 2587 127,21 1432,22 209 10,11 Sedan
3922 1712 1467 2575 125,24 1394,97 216 7,87 Sedan
3989 1650 1453 2599 120,68 1308,65 229 7,66 Sedan
3955 1681 1453 2503 126,48 1232,18 174 9,41 Sedan
4200 1657 1458 2575 128,30 1367,82 171 10,30 Sedan
4377 1744 1472 2587 121,53 1175,30 190 8,39 Sedan
3957 1684 1483 2525 128,37 1219,68 235 9,47 Sedan
3972 1712 1489 2541 128,11 1258,52 183 9,32 Sedan
4240 1724 1462 2545 126,36 1451,93 188 8,84 Sedan
4492 1665 1460 2513 121,84 1488,50 231 9,82 Sedan
3916 1729 1497 2530 128,03 1401,07 224 7,78 Sedan
3985 1703 1482 2521 129,54 1305,02 176 8,43 Sedan
4350 1736 1465 2541 121,04 1416,14 214 8,18 Sedan
3950 1675 1463 2568 122,42 1399,76 201 8,03 Sedan
4353 1654 1469 2502 125,79 1442,43 224 9,89 Sedan
4484 1669 1466 2510 122,71 1025,61 202 8,73 Sedan
3939 1742 1469 2532 126,70 1226,04 215 8,18 Sedan
3998 1725 1461 2556 125,39 1041,64 227 8,63 Sedan
3956 1699 1473 2591 122,29 1034,64 219 10,20 Sedan
3955 1704 1472 2592 125,20 1261,63 234 7,70 Sedan
4374 1739 1481 2532 124,22 1057,66 203 8,51 Sedan
4141 1669 1493 2583 126,64 1107,05 186 10,27 Sedan
4120 1747 1451 2578 125,98 1271,94 180 10,59 Sedan
4032 1701 1462 2513 120,13 1360,00 217 9,52 Sedan
4395 1669 1488 2565 124,65 1248,23 234 10,53 Sedan
3910 1665 1476 2504 122,14 1432,54 184 10,23 Sedan
4091 1705 1478 2555 125,13 1069,53 200 8,34 Sedan
4344 1712 1455 2591 128,83 1172,28 190 9,65 Sedan
4207 1671 1450 2548 124,48 1286,71 200 10,21 Sedan
3929 1653 1488 2545 120,31 1051,69 225 8,67 Sedan
4086 1686 1491 2546 121,69 1061,40 179 9,66 Sedan
4352 1702 1496 2584 123,94 1005,39 177 9,62 Sedan
4416 1733 1477 2600 128,57 1363,14 200 9,83 Sedan
3974 1718 1475 2548 123,75 1493,29 185 9,51 Sedan
4404 1725 1480 2553 125,34 1413,01 206 8,77 Sedan
3952 1682 1486 2593 126,62 1291,01 203 7,71 Sedan
4463 1659 1479 2520 125,72 1391,82 205 9,35 Sedan
4456 1657 1467 2549 126,20 1324,00 192 9,90 Sedan
4710 1876 1350 2849 131,16 2376,39 244 3,66 Cabriolet
4711 1869 1414 2840 125,08 2365,04 238 6,10 Cabriolet
4697 1888 1388 2821 130,97 2282,43 237 3,77 Cabriolet
4702 1861 1392 2835 132,27 2284,31 307 5,61 Cabriolet
4671 1917 1394 2829 133,68 2420,71 293 5,28 Cabriolet
4794 1893 1412 2832 138,08 2443,84 288 5,55 Cabriolet
4798 1908 1370 2812 126,59 2284,61 267 4,90 Cabriolet
4697 1917 1378 2830 139,49 2393,99 285 4,90 Cabriolet
4719 1888 1387 2804 138,16 2398,10 326 5,31 Cabriolet
4779 1870 1373 2863 126,98 2388,15 248 4,86 Cabriolet
4727 1870 1384 2851 136,14 2384,62 263 8,22 Cabriolet
4746 1880 1362 2847 131,41 2319,33 270 4,85 Cabriolet
4671 1895 1354 2830 131,59 2369,71 285 4,89 Cabriolet
4779 1914 1372 2870 135,43 2369,61 246 6,25 Cabriolet
4769 1867 1417 2859 127,80 2426,94 285 7,14 Cabriolet
4688 1892 1383 2841 132,75 2336,47 325 6,42 Cabriolet
4770 1863 1408 2841 133,71 2413,57 314 7,86 Cabriolet
4751 1872 1409 2863 129,51 2347,78 259 3,77 Cabriolet
4692 1896 1411 2823 129,10 2384,35 240 4,18 Cabriolet
4675 1878 1368 2867 125,91 2280,63 307 5,93 Cabriolet
4794 1902 1362 2848 135,37 2385,04 329 8,19 Cabriolet
4705 1863 1362 2874 125,26 2400,99 276 7,06 Cabriolet
4703 1885 1376 2868 131,97 2388,73 263 4,23 Cabriolet
4794 1902 1385 2821 132,91 2440,70 315 6,49 Cabriolet
4725 1880 1412 2845 128,46 2389,20 267 6,16 Cabriolet
4750 1913 1353 2817 131,72 2297,62 242 5,08 Cabriolet
4779 1891 1395 2849 134,46 2426,31 234 5,01 Cabriolet
4718 1861 1398 2875 126,75 2400,66 275 5,07 Cabriolet
4696 1893 1390 2851 137,43 2426,73 281 6,43 Cabriolet
4676 1909 1371 2843 134,02 2298,77 300 7,58 Cabriolet
4744 1870 1381 2801 129,48 2313,68 329 6,20 Cabriolet
4709 1894 1366 2816 139,26 2342,48 274 7,83 Cabriolet
4727 1903 1352 2868 133,01 2356,28 280 8,19 Cabriolet
4671 1862 1392 2861 133,41 2359,03 301 4,76 Cabriolet
4710 1910 1380 2871 129,01 2354,86 233 3,51 Cabriolet
4742 1860 1376 2820 134,62 2330,19 296 6,75 Cabriolet
4720 1884 1360 2867 126,30 2415,96 262 4,07 Cabriolet
4757 1888 1350 2820 133,88 2310,44 230 7,51 Cabriolet
4781 1918 1413 2808 139,07 2363,80 293 8,29 Cabriolet
4759 1861 1375 2839 126,10 2320,85 264 6,91 Cabriolet
4719 1916 1380 2812 129,92 2420,18 248 5,95 Cabriolet
4738 1879 1369 2860 131,55 2410,16 271 5,29 Cabriolet
4671 1892 1378 2851 130,86 2373,34 304 7,76 Cabriolet
4769 1868 1364 2805 131,71 2414,46 235 5,57 Cabriolet
4687 1878 1412 2850 136,21 2422,29 281 3,64 Cabriolet
4772 1884 1391 2847 128,30 2421,51 286 7,91 Cabriolet
4750 1919 1386 2840 137,52 2391,39 262 7,47 Cabriolet
4695 1893 1378 2814 134,28 2298,85 236 7,02 Cabriolet
4704 1911 1397 2811 138,20 2407,11 293 4,32 Cabriolet
4674 1883 1413 2875 139,44 2298,91 297 7,96 Cabriolet
