5265,30527000563 1746,09136104867 1706,278089204 3139,70117230886 221,690722019733 2,45605990977774 2531,19551014676 156,554585106929 11,369521421599 8,05323278613074 Pickup
5292,25766020466 1806,1706352542 1772,05648490789 3055,75397799525 218,288952762861 2,32497690572635 2724,94083052731 146,597166604641 12,5897710126311 9,61861164477589 Pickup
5059,74733012717 1848,48166023776 1799,08477398524 3076,2485026737 207,692383060554 2,38283576466275 2900,16500367791 160,969259446007 12,1330548992069 9,59705570973319 Pickup
5347,54610096456 1839,14867644159 1749,73845209449 3101,95494755262 225,105744881605 2,30929601025269 2755,70212516734 183,092795248652 11,8470991001218 9,33571223534444 Pickup
5293,71920427946 1745,7808651802 1777,87586975744 3095,8604479655 230,126676223765 2,49225115468365 1893,45306106538 146,179326915266 11,3717037304173 10,0462022901728 Pickup
5224,8530428041 1873,08921961723 1776,2448316795 3116,57071724374 214,837546923122 2,49705055970561 1856,66792004214 174,076918933576 12,5453505634541 8,40300516667916 Pickup
5345,39815166285 1770,39110445901 1780,24520817224 3136,03211805971 211,599340983946 2,32219298455035 2899,41833927269 150,53950556579 12,208166274665 9,07472637182787 Pickup
5131,38643639692 1885,42849927462 1770,1909159637 3038,2109501577 228,458167359912 2,32264758358833 2879,10201469394 165,577275001247 11,9229088468118 8,09267469211141 Pickup
5134,52050897038 1866,9148210282 1715,32804542935 3157,71397303683 207,576475425892 2,30741152596074 2828,67709315786 185,726546736307 11,1691912964309 10,0430332905348 Pickup
5399,70271382467 1758,38080943487 1719,10453658509 3051,31682299604 222,78944513611 2,40887072156597 2080,41399078463 144,929905363792 11,456452941362 10,2608961659767 Pickup
5018,02952960973 1878,73399033152 1756,90464435932 3172,20533507513 217,290091605992 2,43064089730877 1955,87815556483 168,569678300326 12,7011279862845 8,48076548105141 Pickup
5034,40044784658 1825,70844266829 1722,53629142537 3120,87419802364 227,928719626241 2,31405554954617 1843,99673829041 140,694110826912 12,5055945624623 8,32605642770699 Pickup
5101,49360471475 1740,26416234684 1701,45172504776 3163,11261959519 217,145531867233 2,34271720640488 2661,45930553854 162,266252232839 12,2224831414979 8,81052195104329 Pickup
5351,82383691511 1868,10457146173 1721,62168995553 3128,4146676438 207,53414312449 2,39384276657079 2069,00542539964 154,612688945892 11,693201982739 8,97257813842622 Pickup
5362,8636667332 1785,73397519334 1719,00040429039 3199,201780371 223,324396927992 2,39271580357697 2867,42057365711 169,333718786637 11,8163624567987 9,52777016736929 Pickup
5203,07586370179 1775,1673774585 1744,1496534013 3029,68251818311 221,0092028603 2,30868456187131 2823,08422691332 177,674167280865 11,9200956619904 8,47425113342435 Pickup
5374,12869277137 1849,53174693022 1701,19166206624 3082,11076105112 215,017609167387 2,35706950959613 2183,35304054588 169,164478801733 12,2907152689019 8,96701136136754 Pickup
5338,44262395913 1859,1056271452 1763,69160155938 3057,44940855422 212,993921068028 2,4935793333657 2773,97636611665 140,92541743113 11,0715029404832 10,632502544733 Pickup
5129,62755492405 1760,99334062123 1702,58897147262 3199,63537752611 227,157085682804 2,43195269663443 2230,9884451474 143,390215431987 10,8369451490403 10,7360344553068 Pickup
5246,6574575038 1815,31005475452 1783,70483782315 3035,78971374584 217,863319964084 2,34451714970382 2128,70486915517 178,972511882415 12,5583831519626 8,96612215450319 Pickup
5057,64726030531 1788,99641098874 1700,36691105942 3010,30007554698 224,879837445393 2,45265589791939 2499,45611222622 147,712474562094 13,2351016697637 9,61816719799217 Pickup
5092,71033503707 1873,44989447549 1759,0896124761 3102,59262877637 228,848718622629 2,46082267060914 2590,42044430525 140,686986651591 12,3523840960359 9,81672856221754 Pickup
5370,47620414313 1780,26504935709 1750,15843522277 3121,01246990311 225,782282710905 2,37508374353642 2888,83414971122 162,898372343228 13,0728713082023 7,94979617318595 Pickup
5277,59037701301 1745,15147745849 1734,32038134631 3158,99177834345 226,95310265103 2,30356826372611 1953,04712194626 188,719466849565 11,420651830463 8,02471141937408 Pickup
5030,75335586013 1772,78520742095 1715,91485604454 3097,8467552447 225,654176950759 2,45651636065753 2855,75006094563 156,204261717482 11,4844994890897 9,72821639200124 Pickup
5225,56081797255 1781,62895860226 1717,51798597049 3002,87273032725 218,03594546953 2,47849231845629 2765,57185974232 159,930338053932 11,4706063009662 8,88534686238754 Pickup
5342,36707926838 1759,98602346516 1730,15352470342 3178,29693079847 229,462387626275 2,33991582069542 2389,02963241051 179,79686165219 12,6730332097379 10,3827115361964 Pickup
5270,62963390287 1849,48709865542 1773,0756343217 3112,25328804564 221,601437346824 2,44425659279537 1911,00959764375 140,617528800209 13,090796287307 10,7092575649308 Pickup
5198,25080009096 1833,32424913222 1715,29676230405 3044,45895973801 218,331726231767 2,38675899025368 2828,42024929282 156,442008091343 11,6252111115145 10,5264212899033 Pickup
5085,27924087144 1856,62920115359 1767,41802676926 3188,64172193624 211,677155988606 2,49039414859861 2884,04675921614 153,383195322651 12,3131409864003 9,48510512620448 Pickup
5116,68951051156 1753,41671750574 1760,9246196509 3089,77847950988 230,846134019013 2,475921535667 2435,30957765659 170,695670973834 11,8478878575135 9,98844907893261 Pickup
5319,981437698 1866,76682247164 1753,97114895935 3066,29991283002 228,103694497656 2,35452822821891 2966,3340283401 143,962022417207 11,8708252536928 9,24763160596957 Pickup
5137,02489162657 1765,92285842911 1744,24161601078 3161,83530481618 223,0727331024 2,48952831550945 1812,13691868453 179,377386676789 11,6851225819835 9,73305157755178 Pickup
5327,16426585203 1871,97505465335 1742,16123048317 3062,46145938638 223,924643221742 2,3823545031633 2968,83643268088 175,203761274556 11,3785033699956 9,56361797571351 Pickup
5361,74812128849 1778,89655278944 1789,85340040636 3126,67324362633 209,642722987869 2,38418109234617 2027,06522113973 157,134035177126 10,8872764063474 10,5518907855041 Pickup
5392,01028775052 1871,86109616042 1782,94483017314 3025,20754347798 212,100643637171 2,3259411822194 2569,72598916373 180,003483621405 12,9373509130149 7,91799097131844 Pickup
5347,79743177248 1858,70030632182 1723,97332187927 3159,64388137667 229,556104754357 2,49502190053231 2244,81640273929 151,370209633079 12,4980901223133 9,15388826586022 Pickup
5119,44431221087 1782,8591677001 1781,07910104146 3172,9108467572 221,008256264035 2,31989175482648 2116,18063334198 180,452497098806 12,6400560532417 8,54381120085894 Pickup
5303,36822397232 1846,7893432578 1768,84869037608 3091,94702044686 223,301525787591 2,49875576272549 2994,4749478225 154,778729372089 10,9140164991906 9,48711147154081 Pickup
5308,13367660536 1767,83371010229 1789,80921520377 3052,44913094325 224,604194787612 2,33249867774197 1804,04428336958 145,015729859013 12,7202538810765 8,2787383088743 Pickup
5020,09005044591 1893,89069199278 1768,81668682621 3133,33711313705 222,395857948063 2,44243118425013 1816,00900870562 188,244703397269 12,2405516538027 8,20324421692791 Pickup
5346,48881999147 1873,18214117232 1709,6602067862 3116,79584221765 213,194580582061 2,34041203681399 1864,06801290068 178,999905827921 11,0238592886011 10,5345495919858 Pickup
5391,88548512379 1752,01691970789 1711,91226412166 3021,44680350155 223,551026814408 2,32493001847757 2243,73317530553 167,427267784917 11,0651206826163 9,05372689936949 Pickup
5038,43541519644 1766,10708223009 1707,79279140187 3114,57363754258 211,294468406259 2,45932074699519 2975,11983251903 141,090066903778 13,0473122745041 10,6257248197336 Pickup
5392,17518921577 1744,88027550507 1772,98671206133 3000,74291601812 224,026444194851 2,48758916183728 1892,83034433277 155,705647047472 10,6419410511581 9,35611206156021 Pickup
5043,64135118371 1775,73953913326 1795,41562218006 3164,53133028212 210,772142601093 2,4950238755881 2811,23302048595 169,046642537716 10,6134690300159 9,32443425405046 Pickup
5136,95131006509 1814,36727758235 1780,45076256639 3033,57412099539 207,211960834084 2,44061055720812 2705,35256196994 166,186694007454 11,7953813770299 9,2084205160888 Pickup
5089,1174627883 1745,054187628 1793,60973322466 3041,25065302535 230,200685087685 2,48984239818055 2214,28635307322 145,770403056299 11,8359111241698 9,99987626383075 Pickup
5018,91658884423 1748,90635282216 1753,40829242645 3131,65576696939 214,218337097307 2,47454328368164 2050,815650565 152,763563130406 11,8237492026406 8,47031213909868 Pickup
5381,56382049507 1803,73338821518 1701,71568449667 3070,54331175543 221,938170877257 2,40312849762995 2071,19291549138 168,099825781817 13,4861848255089 10,7362144470849 Pickup
4183,48534087813 1838,40618503206 1862,34424390008 2534,4924414691 202,345116037105 2,09378676321068 1672,36487240175 192,353206967168 17,8830700277738 9,98401691153833 SUV
4629,88075037947 1881,82153065308 1727,85618818731 2492,08238445785 215,511420273926 2,61678392506055 2058,42753637509 150,236015357187 17,7188534834976 9,82582883589241 SUV
4494,03974390311 1824,79730142504 1718,31525136638 2482,3311674792 219,781594965505 3,96114995156468 1508,65909662501 180,836654142866 14,8525001583865 10,4897237968583 SUV
4723,21789465995 1895,81052798117 1721,63094459178 2517,22569019405 223,248793800943 3,13416682995584 1592,25134341617 207,955998679603 12,4170277744611 10,0069250686592 SUV
4585,44163107194 1815,27752136592 1764,91556264689 2483,04631557923 225,342288634434 2,46655857156336 1646,14624518256 191,562533067336 18,0335323367424 10,2459518361585 SUV
4584,92992752461 1719,94132635647 1822,9146910193 2578,92111976581 218,717219028025 3,61074033794493 1771,124006189 188,045994470849 9,09973786422039 10,591649527611 SUV
4063,08287757592 1875,97350346668 1725,05177479473 2522,33664988183 218,276465478482 4,01659659613697 1864,26852492814 189,460973315621 16,2433566563965 11,7805424514602 SUV
4132,96133099727 1939,97814487199 1838,10750315809 2550,1877513715 224,025630710658 1,98232414609861 1583,12831459713 201,700983816619 15,2768825911343 10,1495516202643 SUV
4580,88290532161 1769,45605311517 1821,42025426096 2494,68697474556 246,196399026642 3,50863147308521 1560,22963042382 158,248844783869 18,6205839191659 11,5551530896012 SUV
4041,79338833401 1816,84522236085 1862,86165551416 2588,61663718178 191,850872082566 4,10386904301302 1693,16013529578 201,487837751158 16,2636412917001 11,2283359267415 SUV
4619,50922041177 1834,24793555599 1879,40029544728 2593,7896675867 194,228154725501 3,46254337009161 1687,50083939522 141,045873645249 11,6770297276215 10,5824853905861 SUV
4545,74894418276 1842,60767942416 1706,76959137748 2569,30497464226 249,917685161306 3,86314666278807 1517,60222745016 198,888435316686 15,3407670539528 11,5040077501927 SUV
4746,25592108176 1786,60410639672 1833,62827453466 2582,54382798101 252,674610648618 3,5639511038847 1533,07536264559 199,020709432206 13,9096938793127 11,1050546400273 SUV
4710,99609961314 1765,03737720895 1725,12614130281 2589,29338086829 232,090983042536 2,00972790774411 1668,69354265215 190,11714289436 9,67264904755757 9,98585033551131 SUV
4330,95119024206 1721,36041632451 1871,27792625282 2526,97556760487 204,845187452084 3,07840667659343 1757,86322907445 147,659433422452 8,93148241030587 10,3709053662004 SUV
4852,21057145494 1820,16754928984 1740,24950074044 2586,02745842004 257,91072387151 2,58273198706225 1976,76746355219 147,912995171693 8,93175059851806 10,7294515820357 SUV
4569,89174362733 1817,33710177584 1789,12854991347 2546,05714718162 239,203158383818 2,61399858836736 1758,50462627528 147,629041130482 9,92882962158361 11,4921917634048 SUV
4504,10276069497 1778,34446538628 1829,81638353775 2517,85275573742 220,324163120391 3,55203563945928 1736,92343450939 156,044619658983 14,4744431732569 10,5489679099289 SUV
4235,80839309646 1936,42628173643 1842,74236553476 2473,53578082916 245,324975617847 2,47581475613444 1521,92470283337 156,291796577299 18,5202280017176 10,4073067836963 SUV
4249,27872384399 1742,02827906331 1819,84292601228 2541,16846075802 230,603671693524 4,0540069578467 1854,16983280059 161,781413746896 16,5951882915549 9,55991697872985 SUV
4040,52162684525 1780,19643664835 1873,73442821844 2483,00899229153 248,701958017751 3,24708177477451 1955,68083983645 193,98796427715 12,6696554482308 10,2513675022644 SUV
4878,22040397591 1841,35089674562 1797,19678006004 2541,96427824998 202,117047953474 3,46046654170401 1905,80115914615 163,677738357185 17,1324791314697 10,7233125856255 SUV
4249,05826395799 1749,52527317196 1727,76460600447 2564,92770745648 226,464094205976 2,73997411110437 1888,55029688615 147,938867466496 17,0899415727192 11,0418782140789 SUV
4070,53120111606 1720,92733433048 1782,09401864656 2532,21429033774 211,723866850009 4,18755661625767 2088,30831543929 180,106723527474 11,5601857412421 10,1665507647519 SUV
4470,85783605969 1766,32113471456 1849,3896081156 2546,25030471769 219,985927138471 3,6096878421538 1876,87860288512 143,688919154782 11,9120623730645 9,52006227076988 SUV
4185,2675178951 1763,00741239125 1787,72196815709 2489,51260903362 242,072571507689 4,00605133539348 1599,92276127447 153,930458605257 15,176142972976 10,7546835938723 SUV
4891,24888176622 1861,51391850389 1871,26114828105 2564,05226418937 199,403087319528 3,88627766663501 1565,59542336762 209,432078976851 10,695396638706 10,3674570869969 SUV
4643,67275761611 1725,84551799849 1707,22208146342 2531,91339510116 183,10845930274 4,35943431274939 1720,89529522736 175,880537911263 11,2234226477441 11,6526224977116 SUV
4707,85863963322 1848,72124576882 1840,77543561383 2571,71697938895 216,574539037689 3,94625387887762 1857,81904186952 153,486234146862 16,5851941257646 10,8299067235225 SUV
4748,48471104562 1895,37682689045 1868,06499599855 2566,30188492886 210,918448283765 3,96200540511031 1688,30022904477 144,871568756584 12,6307791302124 11,1927512541845 SUV
4574,54943124882 1859,06104057052 1850,50735862484 2595,48292790795 209,174921749707 2,10471361475285 1627,14418486093 205,887847680546 10,7803535140959 11,4011202049913 SUV
4474,26170877845 1863,48970560985 1867,87626638444 2561,34990954834 245,194095291753 2,6409097467274 2018,38195236324 149,800300616678 11,6135669135552 10,5176888958633 SUV
4198,14599687147 1929,16630445009 1739,54576914178 2549,36285768606 229,036459349578 4,05541362513575 1601,81258986788 158,534374268974 10,0918521895501 10,0137285901763 SUV
4669,94001002514 1774,64124649979 1720,42082115096 2534,15714068532 205,790128757148 2,07903619337782 1955,23979442904 196,853969715002 13,1356560783161 10,4007111009679 SUV
4606,59457678282 1863,7775257294 1874,25779039704 2597,00820594887 186,389287415142 2,13631472151555 2009,31682992229 153,395318432429 18,5804489088154 9,71628009165464 SUV
4960,83224143872 1743,45735513766 1837,95688689591 2596,26396000211 220,573362056433 3,54471053362112 1749,92726689667 152,161305878387 12,1834627083426 10,7060505723609 SUV
4912,19779612133 1936,78254987429 1840,69632855276 2451,57621095496 189,775472697697 2,3392418069482 1824,30588962711 166,011882385245 12,8515348810943 11,2839481131099 SUV
4537,6309079759 1712,94258831206 1824,78397168442 2589,18055968321 245,395397052819 3,25758973488472 2069,13982935675 156,775080778997 14,5750613606419 10,7442316478324 SUV
4013,30406685048 1944,58148947199 1754,78427204061 2460,42379884069 200,257707024113 3,14027647368623 1819,28270194646 149,684915779943 8,97113413595182 11,0947817504382 SUV
4655,06903252335 1846,25001239881 1781,9484421713 2591,63584033569 217,047879675891 3,54866094321416 2024,078299908 207,031353375423 17,4933297546084 11,670006487784 SUV
4554,01607256104 1819,31576585365 1838,8530027861 2482,56619918745 224,198863750416 4,1726547204762 1788,35108004899 198,698972607357 10,0710963973175 11,8139147162037 SUV
4709,31783118719 1744,22535842481 1806,41239686236 2575,77508863796 219,137360397325 4,23467959558343 1885,66387956294 189,850799422642 16,4272393934556 11,0025987661921 SUV
4643,55888620185 1800,53846908293 1757,18919336665 2563,31955872631 187,059414501795 4,2815771459516 1857,9007380446 192,430374609507 13,3265821605579 9,87914740609897 SUV
4669,57206077388 1947,7439049388 1768,72088843431 2551,75753829617 257,153102456198 3,24010250858967 1624,15223211243 146,107435061646 13,8802656711453 10,3259826790662 SUV
4015,5254560595 1873,39527126094 1876,52696051473 2463,46241706678 256,413965186297 3,09541899706024 2096,29204021594 183,173797257791 13,22323246441 10,7701439785166 SUV
4016,69124468076 1740,32738892842 1736,05472490939 2484,76677175368 200,848838696652 2,27965549057334 1595,72719349327 141,11592923343 9,76597232109214 10,9396518523989 SUV
4312,56065811615 1882,89494546265 1767,28127292696 2599,95087764689 203,564725678211 3,69585552857996 1977,07123210517 203,895747574929 17,6653201883032 11,7876224036737 SUV
4726,95145137932 1838,88101507392 1735,12665477354 2511,96909284311 228,844589054978 4,27494450289521 1752,86912408325 155,957780566978 16,8830650961413 10,964180197876 SUV
4958,81079135407 1944,93317445504 1752,91701577274 2590,33178663362 191,302947295505 3,17065626265046 1974,40295548849 150,500296461629 12,8283949122896 11,4501238027355 SUV
4376,49568094709 1747,74463516555 1872,50907661976 2587,57268853373 182,527903319582 2,60986418552225 1691,87774126971 208,67229729829 16,8290179870227 10,0683976481521 SUV
4309,82932718928 1658,1023673099 1487,13408610184 2550,1845929074 128,022752063359 1,18446687375403 1483,08073681923 225,102371915757 9,46366334551185 7,4221001444953 Sedan
4338,24819365435 1743,15770286748 1460,78263430893 2551,87902308622 126,410441471455 1,1331311841184 1218,79818044547 200,676772375906 10,1751570293564 9,75285317299555 Sedan
4456,6023713707 1714,51144850092 1474,75116444973 2506,15352257441 125,766803205836 1,21438916428685 1298,57015064851 189,459777762862 8,74458548237783 7,50039727599379 Sedan
4278,10893942514 1694,04157215918 1471,63889588399 2556,34568066166 129,270262037995 1,35111484730202 1118,52548789164 225,449624431995 7,99981011366463 9,23258631836278 Sedan
4225,26061885304 1650,34948508271 1476,43915599978 2510,71404223829 120,821379283826 1,17796746090891 1487,66292724184 200,77154696955 8,42832132923804 9,32397707287407 Sedan
4407,80958799078 1738,15566300794 1456,13235710474 2500,88938102168 123,091617344456 1,01517375745586 1293,00019205222 217,680254740492 10,3754968254713 7,20488124853227 Sedan
4418,41612985284 1718,81646484547 1470,28241237639 2529,46094261923 126,804511168415 1,11599917379953 1249,39955549752 215,653711569334 9,37529208118808 9,6399594415631 Sedan
3957,46619070762 1714,54588690053 1465,24847837409 2517,82660196434 122,441955344957 1,36967030724961 1058,16568250682 197,151800662815 10,5381918920848 6,54563217472547 Sedan
4236,38823374006 1665,75467731606 1450,09448577189 2568,27576629272 124,802623756604 1,29944997425165 1158,88428974845 199,671887522411 8,36288521651313 10,2565498697835 Sedan
4075,07204049037 1705,59044794905 1493,34859416976 2586,69677422694 128,160927737207 1,34157455318681 1298,92330164971 186,392158566225 8,88006791662428 9,7814859700303 Sedan
4467,67172476634 1682,31299749218 1492,39147505369 2551,28500808556 126,029938466861 1,08035617772506 1288,29353129877 236,106678571602 9,89409482716308 7,78643123497555 Sedan
4452,9618171756 1669,81175174928 1485,08745994656 2579,34039401791 127,056552393854 1,28259204397099 1343,13746650849 220,60234092204 10,0430411515958 10,4659482879406 Sedan
4483,33761300116 1657,4915003532 1469,89504036954 2570,26722169028 124,714702947398 1,21594900200886 1389,24349280505 200,660127764875 8,68651973776823 7,81226984249068 Sedan
4095,79749889476 1738,21576712104 1498,05967805351 2518,72573034779 121,856421270341 1,09500683252467 1154,85863604343 204,23277442075 7,83929144872319 7,26892246360375 Sedan
4003,22272381895 1687,33874570454 1482,9592915871 2586,93091058495 129,674887815339 1,03746768666313 1427,0776402797 175,149756025127 8,08393750865196 6,43710205258667 Sedan
4000,59686997002 1737,49560186988 1470,99133216356 2549,48631243291 128,199106388818 1,34848181509808 1462,61458376544 180,161009891965 7,72413935834735 6,20929457415328 Sedan
4153,44207522154 1663,8585237385 1479,11039382644 2537,44391241923 120,586568014969 1,01577814296623 1118,46197821128 206,014432681731 9,42328543943506 8,1938769745612 Sedan
4138,05770270436 1669,72352984348 1482,15633841798 2553,49751191842 127,597883081808 1,23953675918259 1207,86458589503 207,001419107896 9,80555030610671 7,75122528260165 Sedan
4311,43033467765 1720,4919042394 1463,83446611643 2525,25605821295 122,225977015787 1,1805492584503 1231,16551396957 202,643130571881 8,70203999378813 7,44074418751558 Sedan
4087,37274826848 1666,45599879159 1472,38299242332 2501,66424745771 128,569684726451 1,01338105425862 1395,58979025837 189,932269528477 10,0319569130577 10,4474127781798 Sedan
4414,04715614116 1683,96633851061 1473,29030650355 2569,31743448103 127,128498259526 1,38817046060607 1115,91462516967 231,939606686095 9,80522444844489 6,98323683053406 Sedan
4173,28521957308 1689,66374659895 1470,4986924401 2566,35787080338 123,774041172012 1,28699376652343 1430,94795752827 193,075310607942 8,05552426784091 8,8756899113188 Sedan
4246,26859768586 1727,05935196814 1457,35726154286 2529,33242238561 121,558502442929 1,09288113996986 1374,78772498425 213,853900564766 9,63401993961726 9,45904479541771 Sedan
4384,59739046385 1663,09824642404 1485,89696985944 2580,71400112506 125,210558178467 1,13842153574267 1119,55645616146 210,846048426277 9,21913226853084 7,13564059531113 Sedan
4031,72633747185 1707,74795038521 1486,56278102964 2514,62779236707 128,589622233338 1,36626017911651 1377,29306955696 224,885679830278 9,51771507212786 6,58347187604917 Sedan
4002,93403235401 1696,15322861176 1456,6452642468 2520,33686489814 123,509290946419 1,03446069622154 1096,25907712442 182,073733435047 9,21197230155206 8,2551701825369 Sedan
4032,51042092802 1710,5344956557 1460,3422438774 2500,87391436141 124,134064234856 1,1297971606859 1339,34903440035 212,198368628602 8,02756867056134 6,05361636143812 Sedan
4187,0229023914 1677,83809375383 1489,49682691111 2589,96698725501 123,877397595848 1,39985393024974 1019,66894954428 170,060711503057 8,90308600156712 7,07697900285804 Sedan
4186,57002648645 1746,54943095359 1499,36229682032 2553,85225902025 125,547789519442 1,13845201252888 1499,03858965218 206,01995237452 8,96863274982601 8,03102997873492 Sedan
3992,1214110647 1656,6631006108 1452,30954385004 2505,9063780149 120,313208485168 1,24567957569178 1185,31731315205 220,576153388515 9,79861450055549 8,51889967593313 Sedan
4042,17142739434 1665,17523015625 1482,07791251227 2560,78880795314 126,611125523509 1,35727031322069 1335,79787394768 186,326478867012 10,0468866681898 7,62134191818598 Sedan
3928,08830487918 1669,16508470623 1486,90599528463 2529,71243040157 120,030302652172 1,1021425568043 1309,04951007527 216,782560114182 8,96188057500957 6,22965432160052 Sedan
4095,84943344623 1666,41273205933 1457,33114604714 2570,76188128943 128,778145927367 1,16469619915108 1116,0950302687 221,161093065125 10,2050470721 9,69035001974104 Sedan
4277,40011959216 1681,68214221098 1463,39979035007 2589,98926789034 120,032474175111 1,13034576369931 1161,96802964526 196,555049981249 10,2322301135549 9,1418555275732 Sedan
4304,7205700561 1726,48417669185 1484,94709294054 2510,49166475911 123,880902358275 1,38475393521821 1164,25555020769 222,434660108962 7,76810054479544 9,70222583687968 Sedan
4497,65995144735 1720,23123389586 1463,42781426545 2566,55951080218 122,080535992086 1,02913002335892 1002,56469030984 235,375760614581 9,79022046038425 7,1219230669187 Sedan
4296,5914335086 1744,07229898221 1468,24431941763 2504,20880690413 127,222940696973 1,29199696774222 1461,82752003047 228,675905875245 8,48163065951393 9,21811269424768 Sedan
4458,85219963214 1673,87411632755 1489,54561247469 2579,23570227774 123,927421087365 1,22462958219677 1232,59273089124 172,919439134616 8,55858573120021 10,3880557979867 Sedan
3949,93763847739 1698,31234875522 1483,74196215707 2509,23845675273 127,774409012764 1,37067514414465 1024,13256840042 212,16804892857 9,67551723908424 10,4590695596575 Sedan
4092,44101717716 1688,99966219394 1482,46421850401 2562,80379833784 120,006174463782 1,29352451744188 1199,97768928296 215,979765283866 8,74786773368151 9,12467930071274 Sedan
3922,93787879075 1699,02838736262 1472,75948432403 2537,88676589629 128,445441237858 1,30294350232135 1455,7000447324 203,33394837721 8,41855899785578 9,06775025421183 Sedan
4264,58375796889 1746,3423107268 1480,72054301422 2581,41437321036 121,661426570109 1,07114489398484 1132,94187334037 189,075127457769 8,39394150329472 9,79847042574476 Sedan
4309,03636953283 1682,12543410814 1457,31940735472 2536,34545273909 123,564308273403 1,21656948431235 1294,72839659766 181,40119862808 9,97521872919761 9,128760994146 Sedan
3996,9711461556 1730,8331672013 1482,95418477289 2566,14307605948 128,776999567066 1,23717820953446 1013,96690053584 190,718010892495 8,34352133122437 5,99840251281783 Sedan
3909,17266253809 1707,20658742693 1466,47738498472 2504,5359435978 123,22782762499 1,14292476854423 1387,79288082746 228,459844658365 8,98568597910259 9,93150053593866 Sedan
4180,75652815437 1662,74535577406 1469,61033110023 2558,70163685582 129,763705339173 1,28679018276128 1171,94786326585 176,421461136277 7,66731049486776 7,38529002372422 Sedan
4000,74117756483 1724,85258233494 1484,22298430662 2561,39221841534 124,848610667907 1,31972316984074 1152,1697059051 236,708606978277 10,409331326191 8,70866595255615 Sedan
3989,95706033425 1746,99121625023 1451,23306885419 2524,45650222919 127,803184384388 1,04386456331418 1495,85332069353 177,072009778149 7,72201529467572 10,7956826393007 Sedan
4359,50276947557 1725,43161552187 1485,04894698739 2596,89843649832 121,910032682079 1,01366600767414 1208,06252500418 175,044712882975 9,65518068003244 6,68755004903653 Sedan
4049,42987838268 1743,6198641982 1463,6767376278 2594,47200307365 128,52180182865 1,10670477901898 1443,80309406845 220,093786087862 9,28149510756205 8,4650267056958 Sedan
4676,88642624155 1909,35633971792 1412,90878038058 2866,65236448946 135,092401662884 3,99206153768676 2297,47467071166 244,764159971273 7,37215006457276 14,6870530432496 cabriolet
4764,2849460171 1874,57202092492 1353,57443759384 2801,74884442321 133,059236958185 3,65434322955755 2288,08297021225 301,547532114921 5,53001079653856 10,9013340332086 cabriolet
4719,81377369716 1873,93632509463 1368,75439111085 2858,17894566952 129,862210038054 2,8549191676336 2398,38415969088 237,99413463473 5,38344722924915 11,4733640671118 cabriolet
4698,86717861931 1876,56486755077 1387,83712393503 2838,78976952461 139,19219594644 5,77292914864278 2425,45527974863 311,228074655509 4,9215564197961 13,1061897424544 cabriolet
4791,07846900871 1876,10900701774 1368,57585777462 2861,37633257842 131,531835264308 2,02473112755675 2430,47299212332 255,021682691305 5,45570032091611 10,7912088168278 cabriolet
4698,49795831297 1870,32785201926 1370,48946197167 2808,23517411865 127,104379449554 5,28280169855934 2374,29658412202 242,297758698602 6,20984411514823 10,9777825691168 cabriolet
4774,21293668179 1861,37105005857 1402,86797322001 2821,98560794209 134,669808582249 3,79675075867993 2399,39723449265 283,386646720295 3,87042334022486 12,2058566081365 cabriolet
4742,53564691755 1874,11596822278 1379,35224135842 2854,74482741195 132,789848136152 2,4587976971915 2444,37345698214 274,956877196653 5,13326523827075 9,69347744122775 cabriolet
4712,71729073614 1886,769634982 1397,07526456428 2871,53428479635 129,415121404182 2,19969741264344 2447,17366946264 273,072802034706 5,3091438257178 7,94155834328456 cabriolet
4720,51104476699 1903,95850233918 1367,34109224628 2862,77954513802 138,370248639663 5,63408801687606 2367,24853730167 327,222795755241 4,33374653869949 15,7750387510169 cabriolet
4709,49999409239 1881,07612683488 1362,11317083897 2861,00405426044 138,209417910878 5,93579570759823 2407,97823266032 286,277556743602 6,33429974002498 7,03289210495208 cabriolet
4780,99370574625 1866,30702101919 1404,78997969757 2818,49397275061 126,957536622396 3,42190956576816 2339,55899931936 310,14662963345 8,29424005895585 12,2120389261339 cabriolet
4730,55571124449 1876,29651918835 1360,98730524582 2871,3794168068 128,08255517766 5,30129923638948 2447,88116212836 288,22571318514 7,52518938967268 12,3582909642059 cabriolet
4748,19145545745 1919,68048383467 1369,31101034829 2826,54966975169 125,211776683671 5,90930305417129 2326,42959850674 315,911638935055 3,85118049548528 9,62457175041762 cabriolet
4708,62445858243 1885,23593752889 1408,81742354893 2826,34843185141 129,074723529199 3,13371792488439 2441,48771069548 230,114358589106 6,89147916966652 11,6764399126062 cabriolet
4742,56274342191 1902,70562362052 1418,1399561689 2843,422573243 132,806822467971 2,12894982105538 2313,03223710183 252,131974027554 6,4178418158171 7,30325776981342 cabriolet
4799,53364828114 1870,23336008668 1400,69361112113 2873,47584307356 131,361797070765 5,43649202372715 2420,97172489901 272,871839899044 4,61584571726427 8,1939077693475 cabriolet
4680,70707379408 1889,47383992815 1400,98125851759 2851,63056341774 129,464274986863 2,18085681841749 2353,33115670054 310,564907882626 6,76437114629167 15,1908751953351 cabriolet
4783,80162288612 1919,18355971537 1411,29892800529 2822,70314537347 125,789393831878 5,55884936245105 2283,61195350234 299,690393316415 7,50099567435728 15,7351170118596 cabriolet
4771,79240324152 1863,10773270349 1367,58628744054 2801,33946636987 129,709697314403 2,506220873681 2398,38876741863 316,057100019444 7,95052457584558 10,5539795870678 cabriolet
4729,04392528303 1891,27255865898 1403,80730096894 2841,50361117977 131,802656176408 2,26777713572037 2447,18763909637 258,502043303336 4,85047669175569 11,1246897020027 cabriolet
4748,11410229565 1883,3194918946 1387,8869692692 2851,43571357542 127,698589287558 2,04008006865162 2330,12569508987 272,148583960789 7,94984793050673 11,6631079233545 cabriolet
4778,92390868111 1867,94049044509 1391,66243434495 2818,79401505869 130,552372872155 2,12226624420018 2320,79965791702 301,044414151015 5,29725291812665 8,35667433773944 cabriolet
4715,34525974903 1894,24732470617 1411,49195212009 2820,0664069597 132,018352349763 3,41675115256419 2317,01187874517 262,231748910729 7,57615132745176 15,7697059409086 cabriolet
4787,81323320596 1904,17358113647 1379,08882356672 2826,87251041731 130,715049205215 3,57744115291976 2366,79403157755 286,5423163383 7,52217727565308 9,5660342145553 cabriolet
4778,12076450238 1876,49512047716 1415,34635436039 2829,45888668972 133,619735130863 3,28737013288186 2437,42538517221 281,808886067853 4,3794717964155 10,6487890414655 cabriolet
4777,50301850378 1876,38075354341 1413,74149192299 2808,27146475589 126,896464043249 2,12035585945489 2366,73429569543 257,369032533546 4,54601291690302 14,3140352957016 cabriolet
4772,99940083781 1918,35237244999 1390,06013524721 2870,60272604954 134,422277360886 2,40659947339753 2401,85377045621 253,687749460194 7,67400121808704 15,6797609195485 cabriolet
4737,60174643602 1900,47448946185 1411,0743379691 2805,28509156093 130,090473883362 2,29556406303102 2388,33579750654 278,567130299549 6,82593480354451 8,12903337321665 cabriolet
4725,66029438547 1901,977684387 1359,73659387312 2831,96907568815 127,381035130183 4,53297232395642 2420,35771378798 260,526842563658 4,61297217286796 9,99332027090402 cabriolet
4784,94061134986 1874,21176809548 1374,32526639864 2800,91765760487 132,674850806442 5,43663459058694 2399,4472747992 329,214966734506 7,17023999265872 11,1042921774109 cabriolet
4748,65723426391 1901,3492509729 1395,39536915039 2815,55690407546 138,543956248809 2,60948588727484 2348,08874282897 314,012485427788 7,20042210170087 7,27811327617528 cabriolet
4721,06654380963 1861,47182618336 1390,65510688846 2805,39038006933 130,96343080558 2,37070004100478 2421,68570824977 244,603330388015 7,25664322551184 15,8536695619364 cabriolet
4705,88211351814 1884,691107564 1350,35058043448 2838,90019537131 126,37459031603 3,13260253012767 2335,60207317378 316,025510768418 6,18229360183808 11,1698771289875 cabriolet
4718,26379837853 1898,70718378513 1400,47265798341 2816,49279577727 133,114879628697 4,95600771110319 2288,69087592172 323,166881051458 6,01195484442262 6,85791425209395 cabriolet
4700,25373836525 1919,13052537438 1387,40430081142 2813,44969616665 139,371421215763 5,43851244982263 2391,5328452557 257,563207143714 6,45043222892584 10,6127335626226 cabriolet
4673,34272965013 1893,39586346103 1364,66609634211 2857,72934415505 127,954743238145 2,77414875513602 2396,30480146329 242,983600195955 4,05577295969975 12,4399960349035 cabriolet
4777,28905890942 1892,41601453741 1369,69195810598 2821,80362449577 135,219198993975 4,99079935205672 2331,59371908363 266,088329756674 6,04822284325409 12,792897145959 cabriolet
4675,40178739252 1914,10659192787 1393,58965645711 2858,22023513411 136,432815180827 3,16203000636866 2429,11912184168 312,567900969911 6,19075771471987 8,91130230171201 cabriolet
4751,51975938655 1863,08633683393 1367,19072086606 2810,48720926535 131,817394593646 5,25864905270685 2354,05269151277 325,131338245762 3,61002109353897 9,96183855680835 cabriolet
4677,13128478598 1915,2772078548 1407,11179440707 2867,76581063995 127,715956255661 4,76981662156517 2399,71316173194 254,363216117194 5,89063687659364 8,71459367830055 cabriolet
4742,29763414352 1877,71153576566 1402,13266186981 2871,70849413225 130,661442492 2,49574709147948 2438,76101888659 273,324586024193 3,53617716805831 15,0489259666525 cabriolet
4711,12756489829 1911,50801287569 1389,84830346417 2866,28310934933 139,890570677766 5,09544602366884 2330,09648099081 244,148423035698 7,51386569776287 14,68622079477 cabriolet
4710,57245013796 1881,13074496441 1373,65735654889 2813,75687294116 134,055561336715 2,48106165252675 2294,60193833085 301,916523609272 6,35698904677154 7,4345750623078 cabriolet
4746,2206162355 1898,01234862675 1372,93407622861 2826,26347106475 135,138133920328 3,32753123777338 2332,13672791707 258,946847156131 7,15951979554236 9,80806142036247 cabriolet
4784,50060918205 1860,14149244881 1416,06435307118 2808,73342601523 125,466333539442 2,78555662221534 2339,84430431847 323,210798591939 7,87202926407197 10,5055404245879 cabriolet
4721,70996650202 1893,76265031926 1378,51870985633 2847,35737596515 138,47448709117 2,81582625807069 2442,72910447918 286,132733987706 5,19156399671527 9,14019318564804 cabriolet
4674,94559233773 1872,88338661794 1408,66278661818 2870,33525400112 129,802444225551 4,73130696021547 2370,24232754495 251,908186386297 4,49791614385225 12,8134793119102 cabriolet
4730,73273324442 1860,31300264425 1376,53589910666 2837,92493652456 139,787656294549 3,23895025124725 2349,4284437501 252,151655620966 4,23121313561276 10,5065658954003 cabriolet
4769,87121216947 1869,22714613808 1406,58280642544 2814,10028552129 135,079468253571 2,09440637570545 2318,44193050565 299,619798087338 5,66902627896938 11,0944631745547 cabriolet
